50
50
0 0 0 0 0 0 0 0 0 0 0 0 0 0 0 0 0 0 0 0 0 0 0 0 0 0 0 0 0 0 0 0 0 0 0 0 0 0 0 0 0 0 0 0 0 0 0 0 0 0 0 0 0 0 0 0 0 0 0 0 0 0 0 0 0 0 0 0 0 10 19 27 33 37 39 40 39 37 33 27 19 10 0 0 0 0 0 0 0 0 0 0 0 0 0 0 0 0 0 0 0 0 0 0 0 0 0 0 0 0 0 0 0 0 0 0 12 26 38 49 59 66 72 77 79 80 79 77 72 66 59 49 38 26 12 0 0 0 0 0 0 0 0 0 0 0 0 0 0 0 0 0 0 0 0 0 0 0 0 0 0 0 0 0 16 33 49 64 77 88 98 106 112 116 119 120 119 116 112 106 98 88 77 64 49 33 16 0 0 0 0 0 0 0 0 0 0 0 0 0 0 0 0 0 0 0 0 0 0 0 0 0 12 33 52 70 86 101 115 126 137 145 151 156 159 160 159 156 151 145 137 126 115 101 86 70 52 33 12 0 0 0 0 0 0 0 0 0 0 0 0 0 0 0 0 0 0 0 0 0 0 23 46 67 87 106 123 138 152 165 175 184 191 196 199 200 199 196 191 184 175 165 152 138 123 106 87 67 46 23 0 0 0 0 0 0 0 0 0 0 0 0 0 0 0 0 0 0 0 6 32 56 79 101 122 141 159 175 190 203 214 223 231 236 239 240 239 236 231 223 214 203 190 175 159 141 122 101 79 56 32 6 0 0 0 0 0 0 0 0 0 0 0 0 0 0 0 0 10 37 63 88 112 135 156 176 195 212 227 241 253 262 270 276 279 280 279 276 270 262 253 241 227 212 195 176 156 135 112 88 63 37 10 0 0 0 0 0 0 0 0 0 0 0 0 0 0 10 38 66 93 119 144 168 190 211 231 248 265 279 291 301 309 315 319 320 319 315 309 301 291 279 265 248 231 211 190 168 144 119 93 66 38 10 0 0 0 0 0 0 0 0 0 0 0 0 6 37 66 95 123 150 175 200 223 245 266 284 301 316 329 340 349 355 359 360 359 355 349 340 329 316 301 284 266 245 223 200 175 150 123 95 66 37 6 0 0 0 0 0 0 0 0 0 0 0 32 63 93 123 151 179 206 232 256 279 300 320 338 354 368 379 388 395 399 400 399 395 388 379 368 354 338 320 300 279 256 232 206 179 151 123 93 63 32 0 0 0 0 0 0 0 0 0 0 23 56 88 119 150 179 208 236 262 288 312 334 355 374 391 405 418 427 434 439 440 439 434 427 418 405 391 374 355 334 312 288 262 236 208 179 150 119 88 56 23 0 0 0 0 0 0 0 0 12 46 79 112 144 175 206 236 265 292 319 344 368 389 409 427 443 456 466 474 478 480 478 474 466 456 443 427 409 389 368 344 319 292 265 236 206 175 144 112 79 46 12 0 0 0 0 0 0 0 33 67 101 135 168 200 232 262 292 321 349 375 400 423 444 463 480 494 505 513 518 520 518 513 505 494 480 463 444 423 400 375 349 321 292 262 232 200 168 135 101 67 33 0 0 0 0 0 0 16 52 87 122 156 190 223 256 288 319 349 378 405 431 456 478 499 517 532 544 553 558 560 558 553 544 532 517 499 478 456 431 405 378 349 319 288 256 223 190 156 122 87 52 16 0 0 0 0 0 33 70 106 141 176 211 245 279 312 344 375 405 434 462 488 512 534 553 569 582 592 598 600 598 592 582 569 553 534 512 488 462 434 405 375 344 312 279 245 211 176 141 106 70 33 0 0 0 0 12 49 86 123 159 195 231 266 300 334 368 400 431 462 491 518 544 567 588 606 621 631 638 640 638 631 621 606 588 567 544 518 491 462 431 400 368 334 300 266 231 195 159 123 86 49 12 0 0 0 26 64 101 138 175 212 248 284 320 355 389 423 456 488 518 547 575 600 623 642 658 670 678 680 678 670 658 642 623 600 575 547 518 488 456 423 389 355 320 284 248 212 175 138 101 64 26 0 0 0 38 77 115 152 190 227 265 301 338 374 409 444 478 512 544 575 604 631 656 678 695 709 717 720 717 709 695 678 656 631 604 575 544 512 478 444 409 374 338 301 265 227 190 152 115 77 38 0 0 10 49 88 126 165 203 241 279 316 354 391 427 463 499 534 567 600 631 661 688 712 732 747 757 760 757 747 732 712 688 661 631 600 567 534 499 463 427 391 354 316 279 241 203 165 126 88 49 10 0 19 59 98 137 175 214 253 291 329 368 405 443 480 517 553 588 623 656 688 717 744 767 785 796 800 796 785 767 744 717 688 656 623 588 553 517 480 443 405 368 329 291 253 214 175 137 98 59 19 0 27 66 106 145 184 223 262 301 340 379 418 456 494 532 569 606 642 678 712 744 774 800 821 835 840 835 821 800 774 744 712 678 642 606 569 532 494 456 418 379 340 301 262 223 184 145 106 66 27 0 33 72 112 151 191 231 270 309 349 388 427 466 505 544 582 621 658 695 732 767 800 830 856 874 880 874 856 830 800 767 732 695 658 621 582 544 505 466 427 388 349 309 270 231 191 151 112 72 33 0 37 77 116 156 196 236 276 315 355 395 434 474 513 553 592 631 670 709 747 785 821 856 887 911 920 911 887 856 821 785 747 709 670 631 592 553 513 474 434 395 355 315 276 236 196 156 116 77 37 0 39 79 119 159 199 239 279 319 359 399 439 478 518 558 598 638 678 717 757 796 835 874 911 943 960 943 911 874 835 796 757 717 678 638 598 558 518 478 439 399 359 319 279 239 199 159 119 79 39 0 40 80 120 160 200 240 280 320 360 400 440 480 520 560 600 640 680 720 760 800 840 880 920 960 1000 960 920 880 840 800 760 720 680 640 600 560 520 480 440 400 360 320 280 240 200 160 120 80 40 0 39 79 119 159 199 239 279 319 359 399 439 478 518 558 598 638 678 717 757 796 835 874 911 943 960 943 911 874 835 796 757 717 678 638 598 558 518 478 439 399 359 319 279 239 199 159 119 79 39 0 37 77 116 156 196 236 276 315 355 395 434 474 513 553 592 631 670 709 747 785 821 856 887 911 920 911 887 856 821 785 747 709 670 631 592 553 513 474 434 395 355 315 276 236 196 156 116 77 37 0 33 72 112 151 191 231 270 309 349 388 427 466 505 544 582 621 658 695 732 767 800 830 856 874 880 874 856 830 800 767 732 695 658 621 582 544 505 466 427 388 349 309 270 231 191 151 112 72 33 0 27 66 106 145 184 223 262 301 340 379 418 456 494 532 569 606 642 678 712 744 774 800 821 835 840 835 821 800 774 744 712 678 642 606 569 532 494 456 418 379 340 301 262 223 184 145 106 66 27 0 19 59 98 137 175 214 253 291 329 368 405 443 480 517 553 588 623 656 688 717 744 767 785 796 800 796 785 767 744 717 688 656 623 588 553 517 480 443 405 368 329 291 253 214 175 137 98 59 19 0 10 49 88 126 165 203 241 279 316 354 391 427 463 499 534 567 600 631 661 688 712 732 747 757 760 757 747 732 712 688 661 631 600 567 534 499 463 427 391 354 316 279 241 203 165 126 88 49 10 0 0 38 77 115 152 190 227 265 301 338 374 409 444 478 512 544 575 604 631 656 678 695 709 717 720 717 709 695 678 656 631 604 575 544 512 478 444 409 374 338 301 265 227 190 152 115 77 38 0 0 0 26 64 101 138 175 212 248 284 320 355 389 423 456 488 518 547 575 600 623 642 658 670 678 680 678 670 658 642 623 600 575 547 518 488 456 423 389 355 320 284 248 212 175 138 101 64 26 0 0 0 12 49 86 123 159 195 231 266 300 334 368 400 431 462 491 518 544 567 588 606 621 631 638 640 638 631 621 606 588 567 544 518 491 462 431 400 368 334 300 266 231 195 159 123 86 49 12 0 0 0 0 33 70 106 141 176 211 245 279 312 344 375 405 434 462 488 512 534 553 569 582 592 598 600 598 592 582 569 553 534 512 488 462 434 405 375 344 312 279 245 211 176 141 106 70 33 0 0 0 0 0 16 52 87 122 156 190 223 256 288 319 349 378 405 431 456 478 499 517 532 544 553 558 560 558 553 544 532 517 499 478 456 431 405 378 349 319 288 256 223 190 156 122 87 52 16 0 0 0 0 0 0 33 67 101 135 168 200 232 262 292 321 349 375 400 423 444 463 480 494 505 513 518 520 518 513 505 494 480 463 444 423 400 375 349 321 292 262 232 200 168 135 101 67 33 0 0 0 0 0 0 0 12 46 79 112 144 175 206 236 265 292 319 344 368 389 409 427 443 456 466 474 478 480 478 474 466 456 443 427 409 389 368 344 319 292 265 236 206 175 144 112 79 46 12 0 0 0 0 0 0 0 0 23 56 88 119 150 179 208 236 262 288 312 334 355 374 391 405 418 427 434 439 440 439 434 427 418 405 391 374 355 334 312 288 262 236 208 179 150 119 88 56 23 0 0 0 0 0 0 0 0 0 0 32 63 93 123 151 179 206 232 256 279 300 320 338 354 368 379 388 395 399 400 399 395 388 379 368 354 338 320 300 279 256 232 206 179 151 123 93 63 32 0 0 0 0 0 0 0 0 0 0 0 6 37 66 95 123 150 175 200 223 245 266 284 301 316 329 340 349 355 359 360 359 355 349 340 329 316 301 284 266 245 223 200 175 150 123 95 66 37 6 0 0 0 0 0 0 0 0 0 0 0 0 10 38 66 93 119 144 168 190 211 231 248 265 279 291 301 309 315 319 320 319 315 309 301 291 279 265 248 231 211 190 168 144 119 93 66 38 10 0 0 0 0 0 0 0 0 0 0 0 0 0 0 10 37 63 88 112 135 156 176 195 212 227 241 253 262 270 276 279 280 279 276 270 262 253 241 227 212 195 176 156 135 112 88 63 37 10 0 0 0 0 0 0 0 0 0 0 0 0 0 0 0 0 6 32 56 79 101 122 141 159 175 190 203 214 223 231 236 239 240 239 236 231 223 214 203 190 175 159 141 122 101 79 56 32 6 0 0 0 0 0 0 0 0 0 0 0 0 0 0 0 0 0 0 0 23 46 67 87 106 123 138 152 165 175 184 191 196 199 200 199 196 191 184 175 165 152 138 123 106 87 67 46 23 0 0 0 0 0 0 0 0 0 0 0 0 0 0 0 0 0 0 0 0 0 0 12 33 52 70 86 101 115 126 137 145 151 156 159 160 159 156 151 145 137 126 115 101 86 70 52 33 12 0 0 0 0 0 0 0 0 0 0 0 0 0 0 0 0 0 0 0 0 0 0 0 0 0 16 33 49 64 77 88 98 106 112 116 119 120 119 116 112 106 98 88 77 64 49 33 16 0 0 0 0 0 0 0 0 0 0 0 0 0 0 0 0 0 0 0 0 0 0 0 0 0 0 0 0 0 12 26 38 49 59 66 72 77 79 80 79 77 72 66 59 49 38 26 12 0 0 0 0 0 0 0 0 0 0 0 0 0 0 0 0 0 0 0 0 0 0 0 0 0 0 0 0 0 0 0 0 0 0 10 19 27 33 37 39 40 39 37 33 27 19 10 0 0 0 0 0 0 0 0 0 0 0 0 0 0 0 0 0 0 